Ds = 0.744012
f(x) = 0.785398
D = 0.041387
Df = 0.052695