Ds = 0.000000
f(x) = 0.000000
D = 0.000000
Df = nan
